77.7817 43.1172 -33.4209 15.5 0.560784 0.560784 1
76.9817 29.9672 -26.2909 17 0.784314 0.784314 0.784314
64.1617 29.6772 -18.3409 17 0.784314 0.784314 0.784314
59.9917 40.3772 -13.7309 15.2 0.941176 0 0
89.0117 29.1572 -16.3009 17 0.784314 0.784314 0.784314
100.652 30.4172 -25.0409 15.2 0.941176 0 0
88.8117 17.5872 -6.63091 17 0.784314 0.784314 0.784314
58.4617 17.6772 -17.0209 15.5 0.560784 0.560784 1
45.8717 16.8172 -9.01091 17 0.784314 0.784314 0.784314
48.9517 9.97719 4.11909 17 0.784314 0.784314 0.784314
57.2417 0.747192 4.75909 15.2 0.941176 0 0
34.6317 9.23719 -17.0609 17 0.784314 0.784314 0.784314
40.3917 -3.48281 -20.4109 15.2 0.941176 0 0
32.1517 16.5472 -30.7209 17 0.784314 0.784314 0.784314
42.1917 14.5372 14.4991 15.5 0.560784 0.560784 1
43.9117 9.19719 28.1991 17 0.784314 0.784314 0.784314
30.0017 6.43719 33.5591 17 0.784314 0.784314 0.784314
21.2417 15.2072 32.1791 15.2 0.941176 0 0
50.9917 19.6072 37.2391 17 0.784314 0.784314 0.784314
66.1617 26.3872 30.4891 18 1 0.784314 0.196078
27.5017 -5.15281 39.6091 15.5 0.560784 0.560784 1
13.7717 -7.96281 44.4091 17 0.784314 0.784314 0.784314
13.8517 -9.94281 59.5191 17 0.784314 0.784314 0.784314
23.9017 -14.9128 65.2391 15.2 0.941176 0 0
7.88171 -20.3528 37.1491 17 0.784314 0.784314 0.784314
5.6817 -17.6928 19.3691 18 1 0.784314 0.196078
2.92171 -6.79281 65.9591 15.5 0.560784 0.560784 1
1.7917 -7.53281 80.4491 17 0.784314 0.784314 0.784314
0.191711 -21.1728 86.3891 17 0.784314 0.784314 0.784314
2.2117 -22.6828 98.5191 15.2 0.941176 0 0
-10.3883 1.69719 83.7791 17 0.784314 0.784314 0.784314
-19.3083 -0.0128098 71.4691 17 0.784314 0.784314 0.784314
-9.02829 0.167191 59.9091 17 0.784314 0.784314 0.784314
-3.93829 -31.0128 78.2891 15.5 0.560784 0.560784 1
-5.95829 -44.7328 83.1191 17 0.784314 0.784314 0.784314
-5.15829 -54.1128 71.1591 17 0.784314 0.784314 0.784314
-5.4283 -49.2928 59.5591 15.2 0.941176 0 0
-19.2883 -46.6628 90.2891 17 0.784314 0.784314 0.784314
-29.9483 -45.6728 80.6391 15.2 0.941176 0 0
-3.8783 -67.1228 73.9091 15.5 0.560784 0.560784 1
-3.5683 -77.0428 62.9091 17 0.784314 0.784314 0.784314
-16.8783 -76.9728 55.3891 17 0.784314 0.784314 0.784314
-15.9883 -77.5628 42.7791 15.2 0.941176 0 0
-0.618294 -91.1028 69.5691 17 0.784314 0.784314 0.784314
14.4517 -90.8528 73.4491 17 0.784314 0.784314 0.784314
-4.57829 -102.643 60.0191 17 0.784314 0.784314 0.784314
19.1617 -103.033 81.7491 17 0.784314 0.784314 0.784314
-28.1083 -76.2528 61.9191 15.5 0.560784 0.560784 1
-41.2383 -75.7828 54.8591 17 0.784314 0.784314 0.784314
-41.5383 -64.0828 44.9391 17 0.784314 0.784314 0.784314
-46.0483 -65.1928 33.7591 15.2 0.941176 0 0
-52.7383 -74.3328 65.1091 17 0.784314 0.784314 0.784314
-65.5283 -68.9628 59.0191 17 0.784314 0.784314 0.784314
-55.1083 -87.5528 72.4091 17 0.784314 0.784314 0.784314
-36.6283 -52.4128 49.7391 15.5 0.560784 0.560784 1
-36.7083 -40.2028 41.1491 17 0.784314 0.784314 0.784314
-28.2783 -42.6028 28.8291 17 0.784314 0.784314 0.784314
-32.1683 -38.5428 17.7691 15.2 0.941176 0 0
-32.4683 -28.1028 49.2391 17 0.784314 0.784314 0.784314
-16.2183 -48.7828 30.3791 15.5 0.560784 0.560784 1
-7.72829 -51.7828 18.6991 17 0.784314 0.784314 0.784314
-14.7083 -61.7828 9.0891 17 0.784314 0.784314 0.784314
-13.9083 -60.0928 -3.1609 15.2 0.941176 0 0
5.78171 -57.6728 23.3791 17 0.784314 0.784314 0.784314
14.8317 -61.8028 11.8191 17 0.784314 0.784314 0.784314
19.5717 -50.8828 2.7691 17 0.784314 0.784314 0.784314
28.7417 -42.1628 10.6791 15.5 0.560784 0.560784 1
34.8917 -31.7828 4.75909 17 0.784314 0.784314 0.784314
32.7017 -28.5528 -8.0909 15.5 0.560784 0.560784 1
43.3217 -24.6528 12.3491 15.5 0.560784 0.560784 1
-20.8283 -72.0528 14.7791 15.5 0.560784 0.560784 1
-27.6883 -82.0328 5.9791 17 0.784314 0.784314 0.784314
-38.8683 -74.7428 -1.94091 17 0.784314 0.784314 0.784314
-40.5583 -77.7128 -14.1009 15.2 0.941176 0 0
-33.6083 -93.2528 14.3291 17 0.784314 0.784314 0.784314
-22.7883 -100.593 20.4491 15.2 0.941176 0 0
-46.2083 -66.0528 4.78909 15.5 0.560784 0.560784 1
-57.2383 -58.5228 -2.1609 17 0.784314 0.784314 0.784314
-51.6183 -49.3628 -12.7609 17 0.784314 0.784314 0.784314
-57.3283 -47.8628 -23.5009 15.2 0.941176 0 0
-66.0583 -51.1028 7.8091 17 0.784314 0.784314 0.784314
-74.6683 -60.5228 16.4291 17 0.784314 0.784314 0.784314
-77.0183 -71.7428 11.9791 15.2 0.941176 0 0
-78.7483 -55.3528 27.9991 15.5 0.560784 0.560784 1
-40.0983 -42.8928 -9.6209 15.5 0.560784 0.560784 1
-33.3983 -34.2928 -19.1209 17 0.784314 0.784314 0.784314
-29.6483 -42.0928 -31.6809 17 0.784314 0.784314 0.784314
-31.3283 -37.1528 -43.1409 15.2 0.941176 0 0
-20.8583 -27.9328 -12.1309 17 0.784314 0.784314 0.784314
-13.8483 -17.8128 -20.8409 17 0.784314 0.784314 0.784314
-3.6283 -22.0128 -29.4009 17 0.784314 0.784314 0.784314
-17.3683 -4.14281 -19.8409 17 0.784314 0.784314 0.784314
2.91171 -12.4828 -37.7309 17 0.784314 0.784314 0.784314
-10.9283 4.93719 -28.2209 17 0.784314 0.784314 0.784314
-1.2783 0.577194 -36.7509 17 0.784314 0.784314 0.784314
-23.6883 -53.9728 -29.7809 15.5 0.560784 0.560784 1
-19.3783 -61.8028 -41.7609 17 0.784314 0.784314 0.784314
-31.5283 -65.7728 -50.5209 17 0.784314 0.784314 0.784314
-30.2883 -66.4328 -62.8309 15.2 0.941176 0 0
-11.2383 -73.8328 -37.2709 17 0.784314 0.784314 0.784314
2.86171 -69.3128 -32.3709 17 0.784314 0.784314 0.784314
7.4417 -58.9228 -36.4409 15.2 0.941176 0 0
8.5117 -78.3128 -24.2809 15.5 0.560784 0.560784 1
-42.7583 -68.6028 -43.9609 15.5 0.560784 0.560784 1
-54.8683 -71.8828 -52.2509 17 0.784314 0.784314 0.784314
-59.7283 -59.1628 -59.6309 17 0.784314 0.784314 0.784314
-63.2183 -59.7028 -71.5609 15.2 0.941176 0 0
-65.7083 -78.3428 -43.5909 17 0.784314 0.784314 0.784314
-78.8483 -79.6128 -51.6109 17 0.784314 0.784314 0.784314
-60.9483 -92.5428 -39.6209 17 0.784314 0.784314 0.784314
-59.4783 -48.0028 -52.4709 15.5 0.560784 0.560784 1
-63.7883 -35.0228 -58.4109 17 0.784314 0.784314 0.784314
-55.8183 -31.9028 -70.7809 17 0.784314 0.784314 0.784314
-60.6883 -26.4028 -80.7009 15.2 0.941176 0 0
-62.2983 -24.1828 -47.2709 17 0.784314 0.784314 0.784314
-67.0983 -7.73281 -53.1809 18 1 0.784314 0.196078
-42.7183 -35.6028 -70.6709 15.5 0.560784 0.560784 1
-33.7383 -32.9828 -81.8009 17 0.784314 0.784314 0.784314
-35.3083 -42.2728 -93.7609 17 0.784314 0.784314 0.784314
-30.4083 -38.8628 -104.741 15.2 0.941176 0 0
-18.9883 -32.8028 -76.9809 17 0.784314 0.784314 0.784314
-15.5183 -21.0028 -67.6109 17 0.784314 0.784314 0.784314
-13.1983 -8.40282 -75.8209 17 0.784314 0.784314 0.784314
-0.568298 -9.31281 -83.0409 15.5 0.560784 0.560784 1
2.6817 -2.54281 -93.9809 17 0.784314 0.784314 0.784314
-6.09829 5.62719 -99.9909 15.5 0.560784 0.560784 1
15.2417 -2.96281 -98.6609 15.5 0.560784 0.560784 1
-42.1783 -53.7628 -91.7109 15.5 0.560784 0.560784 1
-43.3583 -63.5628 -102.931 17 0.784314 0.784314 0.784314
-48.7183 -57.7328 -115.871 17 0.784314 0.784314 0.784314
-42.8083 -60.3228 -126.541 15.2 0.941176 0 0
-50.7283 -76.0328 -98.3009 17 0.784314 0.784314 0.784314
-43.0883 -86.0928 -89.5809 17 0.784314 0.784314 0.784314
-53.6183 -96.9028 -86.0109 17 0.784314 0.784314 0.784314
-31.3983 -91.8128 -97.3509 17 0.784314 0.784314 0.784314
-59.3983 -49.9228 -115.101 15.5 0.560784 0.560784 1
-64.7683 -44.1128 -127.641 17 0.784314 0.784314 0.784314
-56.9583 -32.4728 -132.891 17 0.784314 0.784314 0.784314
-60.0883 -27.4228 -143.891 15.2 0.941176 0 0
-79.1083 -40.2128 -124.391 17 0.784314 0.784314 0.784314
-80.4583 -40.9328 -109.601 17 0.784314 0.784314 0.784314
-68.4783 -48.4628 -103.751 17 0.784314 0.784314 0.784314
-47.0383 -27.4028 -125.261 15.5 0.560784 0.560784 1
-39.0283 -15.9628 -129.851 17 0.784314 0.784314 0.784314
-42.6183 -3.06281 -122.471 17 0.784314 0.784314 0.784314
-37.3383 7.2272 -126.971 15.2 0.941176 0 0
-50.8783 -3.49281 -112.291 15.5 0.560784 0.560784 1
-55.0183 8.21719 -104.801 17 0.784314 0.784314 0.784314
-42.5183 16.0972 -100.091 17 0.784314 0.784314 0.784314
-33.2183 9.69719 -94.9009 15.2 0.941176 0 0
-62.7683 4.00719 -91.9209 17 0.784314 0.784314 0.784314
-72.1783 -6.43281 -95.9009 15.2 0.941176 0 0
-70.0883 15.6172 -85.1809 17 0.784314 0.784314 0.784314
-42.9783 29.1572 -101.431 15.5 0.560784 0.560784 1
-31.2583 37.2572 -96.6309 17 0.784314 0.784314 0.784314
-28.6883 34.4572 -81.9209 17 0.784314 0.784314 0.784314
-37.8383 32.7372 -73.4909 15.2 0.941176 0 0
-35.6583 51.8172 -98.8709 17 0.784314 0.784314 0.784314
-45.9283 51.0572 -109.631 17 0.784314 0.784314 0.784314
-53.0483 37.7972 -107.781 17 0.784314 0.784314 0.784314
-15.4083 35.0972 -78.8809 15.5 0.560784 0.560784 1
-11.5483 33.1572 -64.6709 17 0.784314 0.784314 0.784314
-18.4183 42.8572 -55.5709 17 0.784314 0.784314 0.784314
-22.3283 38.9472 -44.2709 15.2 0.941176 0 0
3.7917 34.9772 -63.0709 17 0.784314 0.784314 0.784314
11.7117 23.0572 -69.0409 17 0.784314 0.784314 0.784314
26.7217 23.8272 -65.7609 17 0.784314 0.784314 0.784314
31.4717 34.3772 -62.8609 15.2 0.941176 0 0
32.7017 12.8272 -66.7509 15.2 0.941176 0 0
-20.5683 55.4672 -60.0109 15.5 0.560784 0.560784 1
-26.5483 65.2972 -50.5409 17 0.784314 0.784314 0.784314
-40.5683 61.4872 -46.1709 17 0.784314 0.784314 0.784314
-44.8683 63.7872 -34.7209 15.2 0.941176 0 0
-26.6383 79.0772 -57.2109 17 0.784314 0.784314 0.784314
-48.2383 55.3072 -55.6209 15.5 0.560784 0.560784 1
-61.9483 51.0672 -52.1109 17 0.784314 0.784314 0.784314
-61.8383 38.5572 -43.2209 17 0.784314 0.784314 0.784314
-69.5383 37.3572 -33.8909 15.2 0.941176 0 0
-70.6483 48.4972 -65.0509 17 0.784314 0.784314 0.784314
-74.5383 62.6072 -70.9609 17 0.784314 0.784314 0.784314
-83.6583 40.7672 -61.5609 17 0.784314 0.784314 0.784314
-85.1283 69.7372 -62.1009 17 0.784314 0.784314 0.784314
-52.3683 29.7672 -46.5409 15.5 0.560784 0.560784 1
-50.8883 17.6172 -37.8009 17 0.784314 0.784314 0.784314
-46.3683 21.5672 -23.7109 17 0.784314 0.784314 0.784314
-50.4183 14.6472 -14.2009 15.2 0.941176 0 0
-42.3083 7.30718 -44.2809 17 0.784314 0.784314 0.784314
-49.1983 0.0671844 -59.4509 18 1 0.784314 0.196078
-38.6083 32.2472 -22.7309 15.5 0.560784 0.560784 1
-33.8983 37.1472 -9.4109 17 0.784314 0.784314 0.784314
-45.7283 41.2072 -0.850906 17 0.784314 0.784314 0.784314
-47.4083 36.3472 10.5791 15.2 0.941176 0 0
-23.8883 48.2772 -11.3709 17 0.784314 0.784314 0.784314
-54.4183 50.1472 -6.09091 15.5 0.560784 0.560784 1
-65.7783 54.3372 2.26909 17 0.784314 0.784314 0.784314
-75.9683 43.4472 4.66909 17 0.784314 0.784314 0.784314
-83.2183 43.2472 15.0091 15.2 0.941176 0 0
-72.8283 67.3272 -3.53091 17 0.784314 0.784314 0.784314
-76.0483 64.3372 -17.3709 15.2 0.941176 0 0
-63.5483 79.5172 -2.67091 17 0.784314 0.784314 0.784314
-76.4783 34.0272 -4.56091 15.5 0.560784 0.560784 1
-85.5383 22.5772 -3.10091 17 0.784314 0.784314 0.784314
-81.4383 13.3772 8.4791 17 0.784314 0.784314 0.784314
-89.8283 8.44719 15.7791 15.2 0.941176 0 0
-85.1383 14.4172 -16.4509 17 0.784314 0.784314 0.784314
-94.7183 2.56718 -16.1309 17 0.784314 0.784314 0.784314
-108.158 5.49718 -13.2209 17 0.784314 0.784314 0.784314
-90.7583 -10.3728 -18.6709 17 0.784314 0.784314 0.784314
-117.648 -4.5828 -12.9409 17 0.784314 0.784314 0.784314
-100.698 -20.8228 -18.1109 17 0.784314 0.784314 0.784314
-113.478 -17.5628 -15.3709 17 0.784314 0.784314 0.784314
-123.658 -27.3028 -15.0909 15.2 0.941176 0 0
-67.9883 11.9672 10.2791 15.5 0.560784 0.560784 1
-62.8283 2.06719 19.8291 17 0.784314 0.784314 0.784314
-56.5983 7.17719 32.6291 17 0.784314 0.784314 0.784314
-55.0283 -0.722809 42.1891 15.2 0.941176 0 0
-51.9283 -6.84281 12.5791 17 0.784314 0.784314 0.784314
-41.4383 2.39719 8.56909 15.2 0.941176 0 0
-57.7583 -14.6328 0.679092 17 0.784314 0.784314 0.784314
-52.8483 19.7672 32.7391 15.5 0.560784 0.560784 1
-44.9983 25.4872 43.9291 17 0.784314 0.784314 0.784314
-30.1383 24.5572 41.3891 17 0.784314 0.784314 0.784314
-22.3183 29.6272 49.8691 15.2 0.941176 0 0
-25.5883 18.4372 30.2491 15.5 0.560784 0.560784 1
-11.2883 19.0672 26.6791 17 0.784314 0.784314 0.784314
-7.68829 33.5372 22.3891 17 0.784314 0.784314 0.784314
-16.8783 41.6172 19.7691 15.2 0.941176 0 0
-7.6483 8.98719 15.6291 17 0.784314 0.784314 0.784314
-12.2083 -8.00281 19.1391 18 1 0.784314 0.196078
5.24171 36.2272 22.0591 15.5 0.560784 0.560784 1
10.1117 49.7272 18.5591 17 0.784314 0.784314 0.784314
20.7717 48.7072 7.75909 17 0.784314 0.784314 0.784314
27.0217 37.9572 5.8491 15.2 0.941176 0 0
15.2117 57.4772 31.1791 17 0.784314 0.784314 0.784314
27.9017 50.1572 37.0391 17 0.784314 0.784314 0.784314
4.1517 58.9872 41.7091 17 0.784314 0.784314 0.784314
34.6417 58.8872 48.1391 17 0.784314 0.784314 0.784314
22.2117 59.8572 0.709099 15.5 0.560784 0.560784 1
32.8317 60.8972 -9.31091 17 0.784314 0.784314 0.784314
43.2117 71.2972 -4.07091 17 0.784314 0.784314 0.784314
38.9917 82.1872 -0.220901 15.2 0.941176 0 0
27.1817 65.7272 -22.8609 17 0.784314 0.784314 0.784314
16.4517 55.5072 -28.0409 17 0.784314 0.784314 0.784314
38.6217 67.2972 -33.3809 17 0.784314 0.784314 0.784314
8.82171 62.3672 -40.2909 17 0.784314 0.784314 0.784314
55.8717 67.0572 -4.31091 15.5 0.560784 0.560784 1
66.6117 76.6672 -0.260902 17 0.784314 0.784314 0.784314
76.4417 77.6272 -11.4809 17 0.784314 0.784314 0.784314
78.2817 68.7272 -19.9709 15.2 0.941176 0 0
73.5317 72.0772 13.1791 17 0.784314 0.784314 0.784314
80.9117 58.6372 10.9991 17 0.784314 0.784314 0.784314
63.2317 71.8672 24.6691 17 0.784314 0.784314 0.784314
90.2917 54.1872 22.5191 17 0.784314 0.784314 0.784314
83.9517 88.8172 -11.6109 15.5 0.560784 0.560784 1
93.6617 90.7372 -22.2909 17 0.784314 0.784314 0.784314
106.562 82.5472 -20.1809 17 0.784314 0.784314 0.784314
113.242 79.5472 -30.2209 15.2 0.941176 0 0
96.7617 105.767 -21.8409 17 0.784314 0.784314 0.784314
89.6917 111.497 -10.5909 17 0.784314 0.784314 0.784314
81.0217 101.127 -3.71091 17 0.784314 0.784314 0.784314
109.032 79.4272 -7.50091 15.5 0.560784 0.560784 1
121.832 71.8172 -4.54091 17 0.784314 0.784314 0.784314
118.742 56.9072 -5.4009 17 0.784314 0.784314 0.784314
108.692 52.3572 -10.8909 15.2 0.941176 0 0
127.862 49.1372 0.649094 15.5 0.560784 0.560784 1
127.502 34.5472 0.529091 17 0.784314 0.784314 0.784314
126.752 28.4072 14.2891 17 0.784314 0.784314 0.784314
126.002 15.9972 14.6791 15.2 0.941176 0 0
139.772 29.0972 -6.92091 17 0.784314 0.784314 0.784314
126.252 36.4772 24.6891 15.5 0.560784 0.560784 1
126.672 31.2372 38.4191 17 0.784314 0.784314 0.784314
113.462 34.0372 45.5391 17 0.784314 0.784314 0.784314
110.882 45.2972 49.8091 15.2 0.941176 0 0
138.622 38.1372 46.2591 17 0.784314 0.784314 0.784314
150.152 36.1372 37.4191 15.2 0.941176 0 0
140.712 31.4772 59.9491 17 0.784314 0.784314 0.784314
105.582 23.2272 46.7491 15.5 0.560784 0.560784 1
92.3517 25.2472 53.3091 17 0.784314 0.784314 0.784314
94.1517 26.6372 68.1691 17 0.784314 0.784314 0.784314
102.642 19.3072 73.9491 15.2 0.941176 0 0
83.1317 13.2972 50.2891 17 0.784314 0.784314 0.784314
79.3017 11.4172 32.6991 18 1 0.784314 0.196078
86.1117 34.7872 74.5891 15.5 0.560784 0.560784 1
86.5517 36.3372 89.0991 17 0.784314 0.784314 0.784314
81.2317 24.1872 96.2691 17 0.784314 0.784314 0.784314
73.8317 15.8072 90.6591 15.2 0.941176 0 0
78.0717 48.7072 91.7791 17 0.784314 0.784314 0.784314
68.2917 49.0172 80.2991 17 0.784314 0.784314 0.784314
75.9017 43.6272 68.1191 17 0.784314 0.784314 0.784314
84.5917 23.3672 109.169 15.5 0.560784 0.560784 1
80.6517 11.6872 117.239 17 0.784314 0.784314 0.784314
66.0617 9.00719 119.039 17 0.784314 0.784314 0.784314
61.6517 -2.37281 121.989 15.2 0.941176 0 0
57.6717 19.5972 117.479 15.5 0.560784 0.560784 1
42.9517 17.8572 118.689 17 0.784314 0.784314 0.784314
36.6717 14.3972 105.029 17 0.784314 0.784314 0.784314
24.5117 12.5272 104.609 15.2 0.941176 0 0
36.6417 29.4972 126.129 17 0.784314 0.784314 0.784314
38.7117 43.0672 119.909 17 0.784314 0.784314 0.784314
48.4017 45.1572 112.449 15.2 0.941176 0 0
29.9817 51.7572 122.979 15.2 0.941176 0 0
44.5617 13.8672 94.5791 15.5 0.560784 0.560784 1
39.8817 9.57719 81.1391 17 0.784314 0.784314 0.784314
50.0617 -1.00281 76.4491 17 0.784314 0.784314 0.784314
56.6117 0.747192 66.0091 15.2 0.941176 0 0
39.3117 21.2672 71.0391 17 0.784314 0.784314 0.784314
27.3117 30.3172 74.3191 17 0.784314 0.784314 0.784314
28.5017 40.6572 83.6491 17 0.784314 0.784314 0.784314
15.0617 28.2972 67.9491 17 0.784314 0.784314 0.784314
17.7617 48.8772 86.4291 17 0.784314 0.784314 0.784314
4.0717 36.4572 70.8091 17 0.784314 0.784314 0.784314
5.33171 46.6872 80.2891 17 0.784314 0.784314 0.784314
-5.2883 54.7772 83.0191 15.2 0.941176 0 0
50.7317 -11.4728 84.5491 15.5 0.560784 0.560784 1
61.7617 -21.2028 82.7891 17 0.784314 0.784314 0.784314
59.0217 -32.5428 73.1291 17 0.784314 0.784314 0.784314
68.2417 -40.8228 70.7191 15.2 0.941176 0 0
64.1117 -26.8828 97.1491 17 0.784314 0.784314 0.784314
46.9717 -32.8528 67.7191 15.5 0.560784 0.560784 1
42.4317 -43.9228 59.1091 17 0.784314 0.784314 0.784314
40.4217 -39.3428 44.8791 17 0.784314 0.784314 0.784314
44.6417 -28.5828 40.5891 15.2 0.941176 0 0
29.9717 -50.1828 65.3391 17 0.784314 0.784314 0.784314
32.6917 -54.8328 79.5491 17 0.784314 0.784314 0.784314
27.1317 -49.3828 89.1891 15.2 0.941176 0 0
41.3817 -64.8928 80.4791 15.5 0.560784 0.560784 1
34.3417 -48.1428 37.7891 15.2 0.941176 0 0
